object={
	name="tree_leaf_2_high_generator_1_0"
	clamp_to_water_level=no
	render_under_water=no
	generated_content=yes
	layer="tree_high_layer"
	pdxmesh="tree_leaf_01_a_mesh"
	count=314
	transform="4647.869629 0.000000 5316.836426 0.000000 0.652965 0.000000 0.757388 0.271770 0.271770 0.271770
4660.232422 0.000000 5326.414062 0.000000 0.519649 0.000000 0.854380 0.208725 0.208725 0.208725
4669.689941 0.000000 5323.545898 0.000000 0.825132 0.000000 0.564940 0.370679 0.370679 0.370679
4642.684082 0.000000 5334.661133 0.000000 0.634856 0.000000 0.772630 0.262729 0.262729 0.262729
4667.515625 0.000000 5320.040039 0.000000 0.892512 0.000000 0.451023 0.421271 0.421271 0.421271
4662.747559 0.000000 5322.899902 0.000000 0.991004 0.000000 0.133833 0.548726 0.548726 0.548726
4666.222168 0.000000 5322.605469 0.000000 0.641315 0.000000 0.767278 0.265933 0.265933 0.265933
4644.962402 0.000000 5316.195312 0.000000 0.950833 0.000000 0.309705 0.479724 0.479724 0.479724
4652.488770 0.000000 5319.970703 0.000000 0.208759 0.000000 0.977967 0.080331 0.080331 0.080331
4652.815430 0.000000 5329.577637 0.000000 0.972042 0.000000 0.234808 0.509465 0.509465 0.509465
4669.295410 0.000000 5319.050293 0.000000 0.878453 0.000000 0.477829 0.409709 0.409709 0.409709
4665.099609 0.000000 5333.180664 0.000000 0.862026 0.000000 0.506864 0.396965 0.396965 0.396965
4660.886230 0.000000 5334.228027 0.000000 0.505274 0.000000 0.862959 0.202330 0.202330 0.202330
4636.361328 0.000000 5328.845703 0.000000 0.949034 0.000000 0.315174 0.477524 0.477524 0.477524
4639.444824 0.000000 5339.068848 0.000000 0.797729 0.000000 0.603016 0.352759 0.352759 0.352759
4652.950195 0.000000 5338.646484 0.000000 0.655065 0.000000 0.755572 0.272831 0.272831 0.272831
4661.013672 0.000000 5337.928223 0.000000 0.998397 0.000000 0.056596 0.578370 0.578370 0.578370
4647.037109 0.000000 5325.486328 0.000000 0.916390 0.000000 0.400286 0.442693 0.442693 0.442693
4656.813965 0.000000 5325.581055 0.000000 0.251938 0.000000 0.967743 0.097281 0.097281 0.097281
4649.056641 0.000000 5330.053223 0.000000 0.070987 0.000000 0.997477 0.027138 0.027138 0.027138
4653.432129 0.000000 5316.582520 0.000000 0.989055 0.000000 0.147550 0.543434 0.543434 0.543434
4662.268066 0.000000 5319.327148 0.000000 0.785972 0.000000 0.618262 0.345405 0.345405 0.345405
4665.703613 0.000000 5338.099609 0.000000 0.993522 0.000000 0.113638 0.556500 0.556500 0.556500
4676.291504 0.000000 5340.367188 0.000000 0.960437 0.000000 0.278496 0.492197 0.492197 0.492197
4674.059570 0.000000 5367.005371 0.000000 0.989259 0.000000 0.146176 0.543964 0.543964 0.543964
4640.638184 0.000000 5343.676270 0.000000 0.744285 0.000000 0.667862 0.320652 0.320652 0.320652
4683.083496 0.000000 5369.923828 0.000000 0.668813 0.000000 0.743431 0.279837 0.279837 0.279837
4687.082031 0.000000 5356.802246 0.000000 0.991216 0.000000 0.132252 0.549335 0.549335 0.549335
4661.784668 0.000000 5361.253906 0.000000 0.333010 0.000000 0.942923 0.255096 0.255096 0.255096
4662.858887 0.000000 5355.624023 0.000000 0.973277 0.000000 0.229635 0.511496 0.511496 0.511496
4646.967773 0.000000 5346.167969 0.000000 0.932611 0.000000 0.360883 0.458971 0.458971 0.458971
4660.884766 0.000000 5358.070312 0.000000 0.957090 0.000000 0.289791 0.507956 0.507956 0.507956
4678.899414 0.000000 5343.630859 0.000000 0.898287 0.000000 0.439409 0.426226 0.426226 0.426226
4676.920410 0.000000 5362.517578 0.000000 0.049872 0.000000 0.998756 0.019058 0.019058 0.019058
4681.753418 0.000000 5358.813477 0.000000 0.149137 0.000000 0.988816 0.057180 0.057180 0.057180
4680.235352 0.000000 5347.213867 0.000000 0.994201 0.000000 0.107534 0.558845 0.558845 0.558845
4674.159180 0.000000 5365.212402 0.000000 0.982022 0.000000 0.188768 0.527461 0.527461 0.527461
4657.227051 0.000000 5344.824707 0.000000 0.993211 0.000000 0.116328 0.555465 0.555465 0.555465
4666.866699 0.000000 5361.442871 0.000000 0.270849 0.000000 0.962622 0.104765 0.104765 0.104765
4642.755859 0.000000 5351.608887 0.000000 0.991413 0.000000 0.130769 0.549907 0.549907 0.549907
4678.817871 0.000000 5380.718750 0.000000 0.700931 0.000000 0.713229 0.296678 0.296678 0.296678
4683.583496 0.000000 5368.267578 0.000000 0.071255 0.000000 0.997458 0.027241 0.027241 0.027241
4674.909180 0.000000 5356.943848 0.000000 0.917160 0.000000 0.398519 0.443429 0.443429 0.443429
4661.951660 0.000000 5352.418945 0.000000 0.121842 0.000000 0.992549 0.046656 0.046656 0.046656
4687.025391 0.000000 5344.243652 0.000000 0.997426 0.000000 0.071699 0.572590 0.572590 0.572590
4678.523926 0.000000 5373.758301 0.000000 0.340667 0.000000 0.940184 0.132783 0.132783 0.132783
4655.517578 0.000000 5356.062988 0.000000 0.998691 0.000000 0.051151 0.580453 0.580453 0.580453
4642.937988 0.000000 5358.125488 0.000000 0.932672 0.000000 0.360727 0.494967 0.494967 0.494967
4684.337891 0.000000 5357.559570 0.000000 0.970985 0.000000 0.239142 0.507761 0.507761 0.507761
4765.507324 0.000000 5293.844238 0.000000 0.559172 0.000000 0.829052 0.226657 0.226657 0.226657
4757.341797 0.000000 5319.834961 0.000000 0.458781 0.000000 0.888549 0.182057 0.182057 0.182057
4769.063965 0.000000 5300.991699 0.000000 0.841024 0.000000 0.540997 0.381656 0.381656 0.381656
4720.496582 0.000000 5309.102539 0.000000 0.588335 0.000000 0.808617 0.240260 0.240260 0.240260
4749.179199 0.000000 5324.901367 0.000000 0.587403 0.000000 0.809295 0.239819 0.239819 0.239819
4758.011230 0.000000 5286.823242 0.000000 0.551382 0.000000 0.834253 0.223079 0.223079 0.223079
4721.372070 0.000000 5318.999023 0.000000 0.920984 0.000000 0.389599 0.447136 0.447136 0.447136
4739.524414 0.000000 5321.508789 0.000000 0.819204 0.000000 0.573503 0.366701 0.366701 0.366701
4752.630859 0.000000 5330.275391 0.000000 0.157990 0.000000 0.987441 0.060602 0.060602 0.060602
4754.560547 0.000000 5309.168457 0.000000 0.897145 0.000000 0.441736 0.425235 0.425235 0.425235
4758.146973 0.000000 5294.573730 0.000000 0.736586 0.000000 0.676343 0.316276 0.316276 0.316276
4741.636719 0.000000 5324.131836 0.000000 0.255830 0.000000 0.966722 0.098819 0.098819 0.098819
4729.187012 0.000000 5322.760254 0.000000 0.979320 0.000000 0.202320 0.522182 0.522182 0.522182
4719.126953 0.000000 5306.179199 0.000000 0.738215 0.000000 0.674565 0.317197 0.317197 0.317197
4779.647949 0.000000 5299.986816 0.000000 0.861718 0.000000 0.507387 0.396734 0.396734 0.396734
4713.487793 0.000000 5314.106934 0.000000 0.000778 0.000000 1.000000 0.000297 0.000297 0.000297
4754.536133 0.000000 5332.375977 0.000000 0.551719 0.000000 0.834030 0.223234 0.223234 0.223234
4732.463867 0.000000 5304.937012 0.000000 0.050979 0.000000 0.998700 0.019481 0.019481 0.019481
4750.339355 0.000000 5287.871094 0.000000 0.908190 0.000000 0.418558 0.435043 0.435043 0.435043
4692.083496 0.000000 5329.533691 0.000000 0.930374 0.000000 0.366612 0.456621 0.456621 0.456621
4724.015625 0.000000 5335.209961 0.000000 0.648239 0.000000 0.761437 0.269393 0.269393 0.269393
4752.129395 0.000000 5319.834961 0.000000 0.817166 0.000000 0.576402 0.365347 0.365347 0.365347
4773.266113 0.000000 5337.735352 0.000000 0.069369 0.000000 0.997591 0.026518 0.026518 0.026518
4763.934082 0.000000 5342.483398 0.000000 0.268176 0.000000 0.963370 0.103705 0.103705 0.103705
4744.418457 0.000000 5323.954102 0.000000 0.365638 0.000000 0.930757 0.142979 0.142979 0.142979
4756.228516 0.000000 5295.863770 0.000000 0.958053 0.000000 0.286591 0.488973 0.488973 0.488973
4722.651367 0.000000 5296.932129 0.000000 0.722034 0.000000 0.691858 0.308151 0.308151 0.308151
4723.255371 0.000000 5289.267090 0.000000 0.589002 0.000000 0.808132 0.411126 0.411126 0.411126
4719.420898 0.000000 5334.573242 0.000000 0.152171 0.000000 0.988354 0.058352 0.058352 0.058352
4747.162598 0.000000 5298.557129 0.000000 0.796667 0.000000 0.604418 0.352087 0.352087 0.352087
4723.010742 0.000000 5332.515137 0.000000 0.726676 0.000000 0.686980 0.310723 0.310723 0.310723
4780.536133 0.000000 5297.914551 0.000000 0.993581 0.000000 0.113119 0.556699 0.556699 0.556699
4745.867676 0.000000 5302.077637 0.000000 0.091516 0.000000 0.995804 0.035006 0.035006 0.035006
4716.390137 0.000000 5337.546875 0.000000 0.998798 0.000000 0.049011 0.581272 0.581272 0.581272
4774.644531 0.000000 5321.910645 0.000000 0.521356 0.000000 0.853339 0.209488 0.209488 0.209488
4780.493652 0.000000 5330.843262 0.000000 0.984099 0.000000 0.177623 0.531791 0.531791 0.531791
4738.988770 0.000000 5302.447754 0.000000 0.735824 0.000000 0.677173 0.315846 0.315846 0.315846
4747.749023 0.000000 5318.594727 0.000000 0.559932 0.000000 0.828539 0.227007 0.227007 0.227007
4766.270996 0.000000 5317.639160 0.000000 0.494503 0.000000 0.869176 0.197580 0.197580 0.197580
4719.817871 0.000000 5336.467773 0.000000 0.750072 0.000000 0.661356 0.323977 0.323977 0.323977
4747.864258 0.000000 5333.561035 0.000000 0.973822 0.000000 0.227312 0.512407 0.512407 0.512407
4766.411133 0.000000 5328.189941 0.000000 0.578762 0.000000 0.815496 0.235757 0.235757 0.235757
4718.123535 0.000000 5313.516113 0.000000 0.690553 0.000000 0.723282 0.291159 0.291159 0.291159
4716.070312 0.000000 5335.724121 0.000000 0.787703 0.000000 0.616055 0.346476 0.346476 0.346476
4704.010254 0.000000 5329.270996 0.000000 0.989843 0.000000 0.142167 0.545512 0.545512 0.545512
4713.895508 0.000000 5333.232422 0.000000 0.535237 0.000000 0.844702 0.215733 0.215733 0.215733
4775.426270 0.000000 5279.414062 0.000000 0.569615 0.000000 0.821912 0.231489 0.231489 0.231489
4777.804199 0.000000 5327.636230 0.000000 0.043523 0.000000 0.999052 0.016630 0.016630 0.016630
4719.948730 0.000000 5313.291504 0.000000 0.117890 0.000000 0.993027 0.045136 0.045136 0.045136
4765.680176 0.000000 5299.854004 0.000000 0.654217 0.000000 0.756307 0.272402 0.272402 0.272402
4719.708008 0.000000 5304.587891 0.000000 0.176379 0.000000 0.984322 0.067726 0.067726 0.067726
4734.530762 0.000000 5297.870117 0.000000 0.930029 0.000000 0.367485 0.456263 0.456263 0.456263
4731.030762 0.000000 5322.102539 0.000000 0.996093 0.000000 0.088308 0.566225 0.566225 0.566225
4742.386230 0.000000 5342.710938 0.000000 0.827966 0.000000 0.560778 0.372602 0.372602 0.372602
4755.001465 0.000000 5322.306152 0.000000 0.451978 0.000000 0.892029 0.179138 0.179138 0.179138
4778.611816 0.000000 5333.897949 0.000000 0.098043 0.000000 0.995182 0.037510 0.037510 0.037510
4696.170898 0.000000 5336.625488 0.000000 0.154733 0.000000 0.987956 0.059342 0.059342 0.059342
4742.530762 0.000000 5334.355469 0.000000 0.804539 0.000000 0.593899 0.357105 0.357105 0.357105
4720.878418 0.000000 5329.550781 0.000000 0.456282 0.000000 0.889835 0.180983 0.180983 0.180983
4773.309082 0.000000 5281.557617 0.000000 0.055080 0.000000 0.998482 0.021050 0.021050 0.021050
4743.051270 0.000000 5324.794434 0.000000 0.322147 0.000000 0.946690 0.125285 0.125285 0.125285
4748.832031 0.000000 5288.063477 0.000000 0.544642 0.000000 0.838668 0.220002 0.220002 0.220002
4749.554688 0.000000 5317.994141 0.000000 0.810141 0.000000 0.586235 0.360731 0.360731 0.360731
4720.126465 0.000000 5343.159668 0.000000 0.806834 0.000000 0.590778 0.358585 0.358585 0.358585
4737.738770 0.000000 5336.297363 0.000000 0.498897 0.000000 0.866662 0.199514 0.199514 0.199514
4693.751465 0.000000 5335.455566 0.000000 0.898289 0.000000 0.439405 0.426227 0.426227 0.426227
4742.882812 0.000000 5320.172363 0.000000 0.975786 0.000000 0.218726 0.515772 0.515772 0.515772
4750.533691 0.000000 5332.302734 0.000000 0.982326 0.000000 0.187180 0.528078 0.528078 0.528078
4688.708984 0.000000 5333.416016 0.000000 0.818367 0.000000 0.574696 0.366144 0.366144 0.366144
4741.966309 0.000000 5340.319336 0.000000 0.683753 0.000000 0.729713 0.287584 0.287584 0.287584
4758.691406 0.000000 5319.318848 0.000000 0.839023 0.000000 0.544096 0.380247 0.380247 0.380247
4756.344727 0.000000 5329.756836 0.000000 0.883035 0.000000 0.469308 0.413404 0.413404 0.413404
4722.222656 0.000000 5292.147461 0.000000 0.843624 0.000000 0.536935 0.383498 0.383498 0.383498
4776.047852 0.000000 5327.553711 0.000000 0.997341 0.000000 0.072883 0.572136 0.572136 0.572136
4722.038574 0.000000 5305.904785 0.000000 0.828153 0.000000 0.560502 0.372730 0.372730 0.372730
4778.980469 0.000000 5311.144531 0.000000 0.850094 0.000000 0.526632 0.388146 0.388146 0.388146
4779.555664 0.000000 5324.750977 0.000000 0.652765 0.000000 0.757561 0.271669 0.271669 0.271669
4751.745605 0.000000 5311.853516 0.000000 0.523994 0.000000 0.851722 0.210670 0.210670 0.210670
4688.577637 0.000000 5330.364258 0.000000 0.995167 0.000000 0.098194 0.565821 0.565821 0.565821
4690.567383 0.000000 5336.976074 0.000000 0.959150 0.000000 0.282898 0.490445 0.490445 0.490445
4734.655273 0.000000 5323.386230 0.000000 0.042599 0.000000 0.999092 0.016277 0.016277 0.016277
4770.033691 0.000000 5340.367188 0.000000 0.239224 0.000000 0.970964 0.092272 0.092272 0.092272
4750.593262 0.000000 5284.928711 0.000000 0.830282 0.000000 0.557343 0.374185 0.374185 0.374185
4825.823242 0.000000 5320.864746 0.000000 0.982670 0.000000 0.185361 0.596928 0.596928 0.596928
4781.336914 0.000000 5306.445312 0.000000 0.427333 0.000000 0.904094 0.168656 0.168656 0.168656
4813.314453 0.000000 5302.731934 0.000000 0.805517 0.000000 0.592573 0.357735 0.357735 0.357735
4809.221191 0.000000 5316.275391 0.000000 0.993960 0.000000 0.109743 0.557997 0.557997 0.557997
4783.628906 0.000000 5327.647461 0.000000 0.994428 0.000000 0.105414 0.559660 0.559660 0.559660
4807.668945 0.000000 5290.112793 0.000000 0.171340 0.000000 0.985212 0.065772 0.065772 0.065772
4812.915527 0.000000 5321.432617 0.000000 0.993160 0.000000 0.116759 0.555300 0.555300 0.555300
4807.315918 0.000000 5342.263184 0.000000 0.727823 0.000000 0.685765 0.311361 0.311361 0.311361
4826.206055 0.000000 5304.937012 0.000000 0.923872 0.000000 0.382701 0.551762 0.551762 0.551762
4807.040527 0.000000 5304.405273 0.000000 0.770237 0.000000 0.637758 0.335834 0.335834 0.335834
4786.556152 0.000000 5321.951172 0.000000 0.051826 0.000000 0.998656 0.019805 0.019805 0.019805
4782.716309 0.000000 5308.416992 0.000000 0.953610 0.000000 0.301044 0.483198 0.483198 0.483198
4815.618164 0.000000 5336.536133 0.000000 0.560325 0.000000 0.828273 0.227188 0.227188 0.227188
4819.622559 0.000000 5336.888184 0.000000 0.759540 0.000000 0.650460 0.329491 0.329491 0.329491
4828.310059 0.000000 5330.068359 0.000000 0.207097 0.000000 0.978320 0.079682 0.079682 0.079682
4785.896484 0.000000 5314.560059 0.000000 0.864165 0.000000 0.503208 0.398583 0.398583 0.398583
4803.172363 0.000000 5317.138672 0.000000 0.192420 0.000000 0.981313 0.073960 0.073960 0.073960
4783.047852 0.000000 5310.417969 0.000000 0.073953 0.000000 0.997262 0.028274 0.028274 0.028274
4814.325684 0.000000 5332.490234 0.000000 0.273679 0.000000 0.961821 0.105889 0.105889 0.105889
4827.208496 0.000000 5327.842285 0.000000 0.412691 0.000000 0.910871 0.162493 0.162493 0.162493
4797.906250 0.000000 5313.932129 0.000000 0.689801 0.000000 0.723999 0.290763 0.290763 0.290763
4794.007812 0.000000 5297.757324 0.000000 0.647200 0.000000 0.762320 0.268872 0.268872 0.268872
4796.150879 0.000000 5305.997070 0.000000 0.471361 0.000000 0.881940 0.187485 0.187485 0.187485
4781.010742 0.000000 5297.483398 0.000000 0.081777 0.000000 0.996651 0.031271 0.031271 0.031271
4810.519531 0.000000 5317.331543 0.000000 0.704217 0.000000 0.709985 0.298442 0.298442 0.298442
4794.372070 0.000000 5328.134277 0.000000 0.430061 0.000000 0.902800 0.169809 0.169809 0.169809
4786.550293 0.000000 5291.724121 0.000000 0.990156 0.000000 0.139965 0.546361 0.546361 0.546361
4791.887207 0.000000 5322.171387 0.000000 0.887106 0.000000 0.461565 0.416746 0.416746 0.416746
4811.451172 0.000000 5328.568359 0.000000 0.725500 0.000000 0.688222 0.310070 0.310070 0.310070
4801.385254 0.000000 5333.891113 0.000000 0.053217 0.000000 0.998583 0.020337 0.020337 0.020337
4802.379395 0.000000 5322.380371 0.000000 0.164837 0.000000 0.986321 0.063252 0.063252 0.063252
4818.986328 0.000000 5299.522461 0.000000 0.061557 0.000000 0.998104 0.023528 0.023528 0.023528
4805.352539 0.000000 5332.325684 0.000000 0.867800 0.000000 0.496914 0.401360 0.401360 0.401360
4818.339844 0.000000 5321.994629 0.000000 0.461482 0.000000 0.887150 0.183218 0.183218 0.183218
4803.401367 0.000000 5340.799805 0.000000 0.545231 0.000000 0.838286 0.320042 0.320042 0.320042
4792.521484 0.000000 5320.908203 0.000000 0.083198 0.000000 0.996533 0.031816 0.031816 0.031816
4816.862793 0.000000 5331.041992 0.000000 0.918547 0.000000 0.395312 0.444764 0.444764 0.444764
4817.238770 0.000000 5293.148438 0.000000 0.329671 0.000000 0.944096 0.128326 0.128326 0.128326
4786.972656 0.000000 5328.715332 0.000000 0.024713 0.000000 0.999695 0.009441 0.009441 0.009441
4796.395020 0.000000 5295.732422 0.000000 0.674367 0.000000 0.738396 0.282700 0.282700 0.282700
4821.903809 0.000000 5299.474121 0.000000 0.320055 0.000000 0.947399 0.124441 0.124441 0.124441
4791.205566 0.000000 5327.276855 0.000000 0.414306 0.000000 0.910138 0.163171 0.163171 0.163171
4826.067871 0.000000 5324.770508 0.000000 0.983512 0.000000 0.180841 0.530542 0.530542 0.530542
4807.583984 0.000000 5315.349609 0.000000 0.715828 0.000000 0.698277 0.304741 0.304741 0.304741
4718.708008 0.000000 5343.828613 0.000000 0.999995 0.000000 0.003229 0.598767 0.598767 0.598767
4711.410156 0.000000 5348.810547 0.000000 0.131651 0.000000 0.991296 0.050433 0.050433 0.050433
4701.939941 0.000000 5379.605957 0.000000 0.044430 0.000000 0.999013 0.243327 0.243327 0.243327
4769.179688 0.000000 5350.172363 0.000000 0.525040 0.000000 0.851078 0.211139 0.211139 0.211139
4716.221191 0.000000 5350.794434 0.000000 0.773785 0.000000 0.633448 0.337967 0.337967 0.337967
4716.977051 0.000000 5367.676270 0.000000 0.013837 0.000000 0.999904 0.005285 0.005285 0.005285
4774.358398 0.000000 5400.057617 0.000000 0.965949 0.000000 0.258731 0.500035 0.500035 0.500035
4773.196289 0.000000 5394.038574 0.000000 0.996342 0.000000 0.085455 0.567319 0.567319 0.567319
4751.502930 0.000000 5365.534180 0.000000 0.621630 0.000000 0.783311 0.256235 0.256235 0.256235
4755.839355 0.000000 5383.843750 0.000000 0.434774 0.000000 0.900539 0.171806 0.171806 0.171806
4774.001953 0.000000 5349.111816 0.000000 0.825156 0.000000 0.564906 0.370695 0.370695 0.370695
4691.399414 0.000000 5348.277344 0.000000 0.991026 0.000000 0.133673 0.548787 0.548787 0.548787
4771.296875 0.000000 5352.793945 0.000000 0.943420 0.000000 0.331600 0.470894 0.470894 0.470894
4739.229492 0.000000 5383.716797 0.000000 0.958249 0.000000 0.285935 0.489235 0.489235 0.489235
4765.113770 0.000000 5395.248047 0.000000 0.996708 0.000000 0.081073 0.574956 0.574956 0.574956
4745.838379 0.000000 5348.473145 0.000000 0.814303 0.000000 0.580440 0.363457 0.363457 0.363457
4688.519531 0.000000 5382.347656 0.000000 0.996592 0.000000 0.082489 0.568456 0.568456 0.568456
4771.013672 0.000000 5373.182617 0.000000 0.290365 0.000000 0.956916 0.112532 0.112532 0.112532
4755.604004 0.000000 5370.902832 0.000000 0.753136 0.000000 0.657865 0.325752 0.325752 0.325752
4693.817383 0.000000 5381.360840 0.000000 0.641464 0.000000 0.767153 0.266007 0.266007 0.266007
4764.088379 0.000000 5359.681641 0.000000 0.221347 0.000000 0.975195 0.085255 0.085255 0.085255
4705.733398 0.000000 5373.227051 0.000000 0.950865 0.000000 0.309606 0.479763 0.479763 0.479763
4751.801758 0.000000 5372.642090 0.000000 0.343531 0.000000 0.939141 0.133948 0.133948 0.133948
4736.098145 0.000000 5348.311523 0.000000 0.905680 0.000000 0.423961 0.432767 0.432767 0.432767
4759.953125 0.000000 5369.271484 0.000000 0.808213 0.000000 0.588890 0.359478 0.359478 0.359478
4701.805176 0.000000 5343.309082 0.000000 0.401650 0.000000 0.915793 0.157876 0.157876 0.157876
4725.504395 0.000000 5374.473145 0.000000 0.892961 0.000000 0.450135 0.421651 0.421651 0.421651
4699.818848 0.000000 5378.987793 0.000000 0.346832 0.000000 0.937927 0.135291 0.135291 0.135291
4771.449707 0.000000 5395.547363 0.000000 0.818532 0.000000 0.574461 0.366254 0.366254 0.366254
4748.005371 0.000000 5373.542969 0.000000 0.139456 0.000000 0.990228 0.053442 0.053442 0.053442
4780.536133 0.000000 5391.656738 0.000000 0.396447 0.000000 0.918058 0.155708 0.155708 0.155708
4740.069336 0.000000 5381.787109 0.000000 0.824299 0.000000 0.566154 0.370117 0.370117 0.370117
4714.455566 0.000000 5358.104980 0.000000 0.956036 0.000000 0.293250 0.486316 0.486316 0.486316
4742.893555 0.000000 5364.918457 0.000000 0.928105 0.000000 0.372319 0.454275 0.454275 0.454275
4738.518555 0.000000 5346.476074 0.000000 0.390682 0.000000 0.920526 0.153313 0.153313 0.153313
4739.973633 0.000000 5353.454102 0.000000 0.995645 0.000000 0.093226 0.588253 0.588253 0.588253
4762.380859 0.000000 5373.377441 0.000000 0.939427 0.000000 0.342748 0.466371 0.466371 0.466371
4751.900879 0.000000 5351.334473 0.000000 0.445036 0.000000 0.895513 0.292516 0.292516 0.292516
4715.638184 0.000000 5361.695312 0.000000 0.963641 0.000000 0.267199 0.496682 0.496682 0.496682
4767.901367 0.000000 5365.212402 0.000000 0.300672 0.000000 0.953728 0.116653 0.116653 0.116653
4768.316895 0.000000 5348.437988 0.000000 0.928163 0.000000 0.372175 0.454334 0.454334 0.454334
4709.746582 0.000000 5358.195801 0.000000 0.421934 0.000000 0.906626 0.166378 0.166378 0.166378
4768.010254 0.000000 5376.894531 0.000000 0.903047 0.000000 0.429542 0.430410 0.430410 0.430410
4707.439941 0.000000 5349.454102 0.000000 0.139564 0.000000 0.990213 0.053484 0.053484 0.053484
4698.775879 0.000000 5362.259277 0.000000 0.013404 0.000000 0.999910 0.005120 0.005120 0.005120
4757.054199 0.000000 5343.342285 0.000000 0.998952 0.000000 0.045765 0.582513 0.582513 0.582513
4769.544922 0.000000 5388.139648 0.000000 0.763209 0.000000 0.646151 0.331653 0.331653 0.331653
4778.391113 0.000000 5370.433594 0.000000 0.437722 0.000000 0.899110 0.173058 0.173058 0.173058
4740.348633 0.000000 5362.636230 0.000000 0.912569 0.000000 0.408924 0.439085 0.439085 0.439085
4773.033691 0.000000 5395.613281 0.000000 0.477625 0.000000 0.878564 0.190203 0.190203 0.190203
4758.067383 0.000000 5354.989746 0.000000 0.990599 0.000000 0.136800 0.547582 0.547582 0.547582
4710.937012 0.000000 5344.344727 0.000000 0.049477 0.000000 0.998775 0.018906 0.018906 0.018906
4753.626953 0.000000 5367.307617 0.000000 0.995390 0.000000 0.095914 0.563307 0.563307 0.563307
4717.575195 0.000000 5366.280762 0.000000 0.603478 0.000000 0.797380 0.247463 0.247463 0.247463
4757.316406 0.000000 5384.254883 0.000000 0.104095 0.000000 0.994567 0.039833 0.039833 0.039833
4691.344727 0.000000 5380.478027 0.000000 0.845215 0.000000 0.534426 0.384633 0.384633 0.384633
4712.975098 0.000000 5345.901367 0.000000 0.340070 0.000000 0.940400 0.132541 0.132541 0.132541
4690.069336 0.000000 5382.857422 0.000000 0.120973 0.000000 0.992656 0.046322 0.046322 0.046322
4773.742676 0.000000 5378.047363 0.000000 0.986113 0.000000 0.166077 0.536268 0.536268 0.536268
4776.048340 0.000000 5387.157715 0.000000 0.512715 0.000000 0.858559 0.205632 0.205632 0.205632
4718.078125 0.000000 5377.909668 0.000000 0.494370 0.000000 0.869252 0.197521 0.197521 0.197521
4723.191406 0.000000 5343.329102 0.000000 0.020900 0.000000 0.999782 0.007984 0.007984 0.007984
4758.801758 0.000000 5384.511230 0.000000 0.871699 0.000000 0.490042 0.404378 0.404378 0.404378
4705.244141 0.000000 5357.936035 0.000000 0.682142 0.000000 0.731220 0.286742 0.286742 0.286742
4737.334961 0.000000 5377.500488 0.000000 0.519313 0.000000 0.854584 0.208574 0.208574 0.208574
4721.419434 0.000000 5345.526855 0.000000 0.959051 0.000000 0.283234 0.490311 0.490311 0.490311
4710.763184 0.000000 5352.834961 0.000000 0.994680 0.000000 0.103011 0.560583 0.560583 0.560583
4744.663574 0.000000 5347.291016 0.000000 0.513236 0.000000 0.858248 0.205864 0.205864 0.205864
4765.503906 0.000000 5360.038086 0.000000 0.794672 0.000000 0.607040 0.350828 0.350828 0.350828
4720.555664 0.000000 5347.112793 0.000000 0.782261 0.000000 0.622951 0.343120 0.343120 0.343120
4774.729980 0.000000 5364.626953 0.000000 0.908884 0.000000 0.417048 0.435678 0.435678 0.435678
4693.707520 0.000000 5379.811035 0.000000 0.999272 0.000000 0.038147 0.585425 0.585425 0.585425
4764.628418 0.000000 5378.905273 0.000000 0.908494 0.000000 0.417897 0.435321 0.435321 0.435321
4760.362793 0.000000 5351.248535 0.000000 0.805517 0.000000 0.592573 0.357735 0.357735 0.357735
4749.781250 0.000000 5385.073242 0.000000 0.106778 0.000000 0.994283 0.040864 0.040864 0.040864
4704.010254 0.000000 5346.111816 0.000000 0.052685 0.000000 0.998611 0.020134 0.020134 0.020134
4758.720703 0.000000 5363.255371 0.000000 0.225000 0.000000 0.974359 0.086686 0.086686 0.086686
4758.143066 0.000000 5366.027344 0.000000 0.808315 0.000000 0.588750 0.359544 0.359544 0.359544
4770.247070 0.000000 5364.693848 0.000000 0.331176 0.000000 0.943569 0.128935 0.128935 0.128935
4830.344727 0.000000 5373.945801 0.000000 0.130182 0.000000 0.991490 0.049868 0.049868 0.049868
4798.215332 0.000000 5365.912598 0.000000 0.656503 0.000000 0.754323 0.273558 0.273558 0.273558
4795.682129 0.000000 5379.605957 0.000000 0.165523 0.000000 0.986206 0.063517 0.063517 0.063517
4799.763672 0.000000 5370.559570 0.000000 0.998714 0.000000 0.050694 0.580628 0.580628 0.580628
4785.025391 0.000000 5381.975098 0.000000 0.243422 0.000000 0.969920 0.093924 0.093924 0.093924
4814.763672 0.000000 5385.119629 0.000000 0.996563 0.000000 0.082834 0.568324 0.568324 0.568324
4792.328613 0.000000 5381.358398 0.000000 0.975158 0.000000 0.221510 0.514682 0.514682 0.514682
4788.178711 0.000000 5375.365234 0.000000 0.979271 0.000000 0.202556 0.522090 0.522090 0.522090
4816.043457 0.000000 5367.100586 0.000000 0.976182 0.000000 0.216955 0.516465 0.516465 0.516465
4822.980957 0.000000 5359.062988 0.000000 0.902893 0.000000 0.429865 0.430273 0.430273 0.430273
4821.840332 0.000000 5369.145996 0.000000 0.583488 0.000000 0.812122 0.237975 0.237975 0.237975
4786.754395 0.000000 5393.402344 0.000000 0.852387 0.000000 0.522911 0.389815 0.389815 0.389815
4803.672363 0.000000 5375.429199 0.000000 0.915588 0.000000 0.402117 0.441929 0.441929 0.441929
4791.689941 0.000000 5364.073730 0.000000 0.920781 0.000000 0.390079 0.446937 0.446937 0.446937
4818.264648 0.000000 5346.719727 0.000000 0.713672 0.000000 0.700480 0.303563 0.303563 0.303563
4799.475586 0.000000 5373.227051 0.000000 0.210041 0.000000 0.977693 0.080832 0.080832 0.080832
4781.338867 0.000000 5372.693359 0.000000 0.721775 0.000000 0.692127 0.308008 0.308008 0.308008
4792.874023 0.000000 5366.561035 0.000000 0.907998 0.000000 0.418974 0.434868 0.434868 0.434868
4799.074219 0.000000 5363.707520 0.000000 0.974554 0.000000 0.224151 0.513647 0.513647 0.513647
4818.415039 0.000000 5356.473633 0.000000 0.293588 0.000000 0.955932 0.113819 0.113819 0.113819
4792.969727 0.000000 5409.306641 0.000000 0.382161 0.000000 0.924096 0.149784 0.149784 0.149784
4804.419922 0.000000 5370.638184 0.000000 0.855343 0.000000 0.518063 0.391984 0.391984 0.391984
4787.453613 0.000000 5370.188477 0.000000 0.953154 0.000000 0.302484 0.482621 0.482621 0.482621
4815.418945 0.000000 5359.647461 0.000000 0.466594 0.000000 0.884472 0.185423 0.185423 0.185423
4813.000488 0.000000 5384.053711 0.000000 0.945947 0.000000 0.324322 0.473836 0.473836 0.473836
4832.260742 0.000000 5346.476074 0.000000 0.877540 0.000000 0.479504 0.408980 0.408980 0.408980
4824.860840 0.000000 5376.098145 0.000000 0.518544 0.000000 0.855051 0.208231 0.208231 0.208231
4800.156250 0.000000 5360.949707 0.000000 0.927479 0.000000 0.373875 0.453635 0.453635 0.453635
4800.165039 0.000000 5397.974121 0.000000 0.397342 0.000000 0.917671 0.156081 0.156081 0.156081
4790.048828 0.000000 5399.981934 0.000000 0.495026 0.000000 0.868878 0.197810 0.197810 0.197810
4796.071777 0.000000 5369.759277 0.000000 0.786841 0.000000 0.617156 0.345942 0.345942 0.345942
4814.299316 0.000000 5386.799316 0.000000 0.882589 0.000000 0.470145 0.413042 0.413042 0.413042
4796.036133 0.000000 5403.276367 0.000000 0.973890 0.000000 0.227021 0.512522 0.512522 0.512522
4793.039062 0.000000 5397.998047 0.000000 0.421129 0.000000 0.907001 0.166039 0.166039 0.166039
4805.566895 0.000000 5411.284668 0.000000 0.659060 0.000000 0.752090 0.397263 0.397263 0.397263
4807.787109 0.000000 5382.156738 0.000000 0.839031 0.000000 0.544084 0.380253 0.380253 0.380253
4817.446289 0.000000 5377.650879 0.000000 0.791975 0.000000 0.610553 0.349137 0.349137 0.349137
4800.402344 0.000000 5396.318848 0.000000 0.044708 0.000000 0.999000 0.017083 0.017083 0.017083
4789.864258 0.000000 5398.205566 0.000000 0.861997 0.000000 0.506914 0.396944 0.396944 0.396944
4810.230957 0.000000 5386.371094 0.000000 0.816602 0.000000 0.577201 0.364974 0.364974 0.364974
4805.898926 0.000000 5360.305664 0.000000 0.333497 0.000000 0.942751 0.129875 0.129875 0.129875
4788.813965 0.000000 5382.159180 0.000000 0.999990 0.000000 0.004397 0.598321 0.598321 0.598321
4803.430176 0.000000 5372.816406 0.000000 0.007878 0.000000 0.999969 0.003009 0.003009 0.003009
4784.005371 0.000000 5362.183594 0.000000 0.394905 0.000000 0.918722 0.155067 0.155067 0.155067
4798.800293 0.000000 5391.039062 0.000000 0.293905 0.000000 0.955835 0.113946 0.113946 0.113946
4793.814453 0.000000 5349.094727 0.000000 0.854770 0.000000 0.519007 0.401371 0.401371 0.401371
4796.208008 0.000000 5371.328613 0.000000 0.742368 0.000000 0.669992 0.319557 0.319557 0.319557
4825.484375 0.000000 5346.286133 0.000000 0.998835 0.000000 0.048252 0.581562 0.581562 0.581562
4788.126953 0.000000 5410.211914 0.000000 0.864957 0.000000 0.501846 0.418873 0.418873 0.418873
4797.064453 0.000000 5382.713867 0.000000 0.627595 0.000000 0.778540 0.259153 0.259153 0.259153
4805.777344 0.000000 5379.064453 0.000000 0.721203 0.000000 0.692724 0.307693 0.307693 0.307693
4796.395020 0.000000 5389.474609 0.000000 0.976796 0.000000 0.214173 0.517553 0.517553 0.517553
4819.009277 0.000000 5375.842285 0.000000 0.051038 0.000000 0.998697 0.019503 0.019503 0.019503
4826.038086 0.000000 5357.392578 0.000000 0.699857 0.000000 0.714283 0.296103 0.296103 0.296103
4831.682617 0.000000 5370.568359 0.000000 0.975069 0.000000 0.221900 0.514529 0.514529 0.514529
4789.593750 0.000000 5367.396973 0.000000 0.998315 0.000000 0.058025 0.577823 0.577823 0.577823
4789.495605 0.000000 5373.719727 0.000000 0.999889 0.000000 0.014874 0.594318 0.594318 0.594318
4823.392578 0.000000 5368.998535 0.000000 0.252008 0.000000 0.967725 0.097309 0.097309 0.097309
"}
object={
	name="tree_leaf_2_high_generator_1_1"
	clamp_to_water_level=no
	render_under_water=no
	generated_content=yes
	layer="tree_high_layer"
	pdxmesh="tree_leaf_01_b_mesh"
	count=305
	transform="4676.336914 0.000000 5326.266113 0.000000 0.991910 0.000000 -0.126942 0.648620 0.648620 0.648620
4674.892578 0.000000 5334.171875 0.000000 0.110038 0.000000 -0.993927 1.157883 1.157883 1.157883
4666.176758 0.000000 5315.398438 0.000000 0.631612 0.000000 -0.775284 0.655814 0.655814 0.655814
4658.888672 0.000000 5330.275391 0.000000 0.945945 0.000000 -0.324327 0.726165 0.726165 0.726165
4650.178223 0.000000 5314.600586 0.000000 0.986116 0.000000 -0.166056 0.663724 0.663724 0.663724
4659.541504 0.000000 5338.737793 0.000000 0.995354 0.000000 -0.096288 0.636836 0.636836 0.636836
4670.635742 0.000000 5331.312988 0.000000 0.738447 0.000000 -0.674312 0.882672 0.882672 0.882672
4641.091309 0.000000 5339.840332 0.000000 0.278361 0.000000 -0.960477 1.092251 1.092251 1.092251
4678.392578 0.000000 5328.125488 0.000000 0.296047 0.000000 -0.955173 0.864480 0.864480 0.864480
4642.653320 0.000000 5336.984375 0.000000 0.650158 0.000000 -0.759799 0.929643 0.929643 0.929643
4670.276367 0.000000 5325.763672 0.000000 0.401231 0.000000 -0.915977 1.042299 1.042299 1.042299
4678.540527 0.000000 5341.073242 0.000000 0.828012 0.000000 -0.560711 0.827367 0.827367 0.827367
4657.739746 0.000000 5339.554199 0.000000 0.269528 0.000000 -0.962992 1.095759 1.095759 1.095759
4672.668945 0.000000 5328.189941 0.000000 0.804621 0.000000 -0.593789 0.842842 0.842842 0.842842
4639.436035 0.000000 5340.717285 0.000000 0.487763 0.000000 -0.872976 1.005376 1.005376 1.005376
4671.886719 0.000000 5342.644531 0.000000 0.863986 0.000000 -0.503516 0.801553 0.801553 0.801553
4657.057129 0.000000 5320.825195 0.000000 0.566203 0.000000 -0.824266 0.970094 0.970094 0.970094
4648.644043 0.000000 5342.710938 0.000000 0.515689 0.000000 -0.856776 0.993043 0.993043 0.993043
4667.224121 0.000000 5318.452637 0.000000 0.960401 0.000000 -0.278621 0.707853 0.707853 0.707853
4650.911621 0.000000 5340.902832 0.000000 0.728726 0.000000 -0.684805 0.888135 0.888135 0.888135
4647.676270 0.000000 5328.519531 0.000000 0.856014 0.000000 -0.516952 0.807520 0.807520 0.807520
4649.235840 0.000000 5335.795898 0.000000 0.590607 0.000000 -0.806959 0.958666 0.958666 0.958666
4656.225586 0.000000 5316.327637 0.000000 0.932418 0.000000 -0.361381 0.741234 0.741234 0.741234
4651.367188 0.000000 5325.216797 0.000000 0.815797 0.000000 -0.578338 0.835558 0.835558 0.835558
4678.870117 0.000000 5329.565430 0.000000 0.259563 0.000000 -0.965726 0.872389 0.872389 0.872389
4634.126465 0.000000 5330.998535 0.000000 0.624726 0.000000 -0.780844 0.849643 0.849643 0.849643
4662.131348 0.000000 5332.247559 0.000000 0.735916 0.000000 -0.677073 0.884102 0.884102 0.884102
4666.255371 0.000000 5363.060547 0.000000 0.314940 0.000000 -0.949112 1.077619 1.077619 1.077619
4651.870117 0.000000 5361.173340 0.000000 0.286981 0.000000 -0.957936 1.088818 1.088818 1.088818
4668.197754 0.000000 5343.606934 0.000000 0.923801 0.000000 -0.382873 0.750078 0.750078 0.750078
4672.364746 0.000000 5357.477539 0.000000 0.364549 0.000000 -0.931184 1.057468 1.057468 1.057468
4675.722168 0.000000 5347.051270 0.000000 0.191657 0.000000 -0.981462 1.126337 1.126337 1.126337
4677.271484 0.000000 5373.182617 0.000000 0.969080 0.000000 -0.246748 0.695235 0.695235 0.695235
4686.355469 0.000000 5360.656738 0.000000 0.909395 0.000000 -0.415933 0.763854 0.763854 0.763854
4649.619141 0.000000 5361.494141 0.000000 0.016908 0.000000 -0.999857 1.193541 1.193541 1.193541
4672.045898 0.000000 5343.306152 0.000000 0.380918 0.000000 -0.924609 1.050730 1.050730 1.050730
4668.213379 0.000000 5360.303711 0.000000 0.018236 0.000000 -0.999834 1.193034 1.193034 1.193034
4681.382812 0.000000 5354.539062 0.000000 0.082691 0.000000 -0.996575 1.168378 1.168378 1.168378
4678.276367 0.000000 5382.250488 0.000000 0.897656 0.000000 -0.440698 0.774323 0.774323 0.774323
4685.276855 0.000000 5374.529785 0.000000 0.751742 0.000000 -0.659458 0.875057 0.875057 0.875057
4654.905762 0.000000 5350.662598 0.000000 0.800546 0.000000 -0.599271 0.845451 0.845451 0.845451
4640.618164 0.000000 5351.948242 0.000000 0.619688 0.000000 -0.784848 0.944711 0.944711 0.944711
4649.804688 0.000000 5351.959961 0.000000 0.444950 0.000000 -0.895555 1.023866 1.023866 1.023866
4679.566895 0.000000 5375.299805 0.000000 0.697337 0.000000 -0.716743 0.905241 0.905241 0.905241
4652.556641 0.000000 5347.013184 0.000000 0.973219 0.000000 -0.229881 0.688600 0.688600 0.688600
4656.630371 0.000000 5358.498047 0.000000 0.419097 0.000000 -0.907941 0.917160 0.917160 0.917160
4668.863281 0.000000 5365.661621 0.000000 0.895314 0.000000 -0.445436 0.776342 0.776342 0.776342
4650.819336 0.000000 5344.762695 0.000000 0.559159 0.000000 -0.829060 0.973349 0.973349 0.973349
4677.985352 0.000000 5354.113770 0.000000 0.877906 0.000000 -0.478832 0.790728 0.790728 0.790728
4656.457520 0.000000 5348.216797 0.000000 0.238402 0.000000 -0.971167 1.108052 1.108052 1.108052
4773.931152 0.000000 5288.526367 0.000000 0.139541 0.000000 -0.990216 1.146525 1.146525 1.146525
4776.861328 0.000000 5302.529785 0.000000 0.713138 0.000000 -0.701023 0.896728 0.896728 0.896728
4778.176270 0.000000 5324.408691 0.000000 0.990874 0.000000 -0.134790 0.651643 0.651643 0.651643
4727.757812 0.000000 5296.496094 0.000000 0.204375 0.000000 -0.978893 1.121381 1.121381 1.121381
4719.149902 0.000000 5329.059570 0.000000 0.704267 0.000000 -0.709935 0.901531 0.901531 0.901531
4731.182129 0.000000 5307.745605 0.000000 0.899762 0.000000 -0.436381 0.772488 0.772488 0.772488
4775.770996 0.000000 5320.194824 0.000000 0.938690 0.000000 -0.344762 0.734448 0.734448 0.734448
4774.477539 0.000000 5327.251465 0.000000 0.968312 0.000000 -0.249745 0.696416 0.696416 0.696416
4745.955566 0.000000 5317.423828 0.000000 0.853517 0.000000 -0.521065 0.809358 0.809358 0.809358
4728.445801 0.000000 5292.541504 0.000000 0.746037 0.000000 -0.665904 0.878345 0.878345 0.878345
4753.724609 0.000000 5283.359863 0.000000 0.683827 0.000000 -0.729644 0.735976 0.735976 0.735976
4745.038574 0.000000 5290.997070 0.000000 0.999330 0.000000 -0.036594 0.613981 0.613981 0.613981
4704.230469 0.000000 5334.955078 0.000000 0.984659 0.000000 -0.174487 0.666992 0.666992 0.666992
4747.082031 0.000000 5322.259277 0.000000 0.443113 0.000000 -0.896466 1.024649 1.024649 1.024649
4749.749512 0.000000 5333.497070 0.000000 0.340550 0.000000 -0.940226 1.067264 1.067264 1.067264
4764.774902 0.000000 5320.692383 0.000000 0.685264 0.000000 -0.728295 0.911624 0.911624 0.911624
4744.141602 0.000000 5334.635254 0.000000 0.895832 0.000000 -0.444393 0.775897 0.775897 0.775897
4776.020996 0.000000 5299.772949 0.000000 0.741672 0.000000 -0.670763 0.880840 0.880840 0.880840
4739.351562 0.000000 5309.793457 0.000000 0.815533 0.000000 -0.578710 0.835732 0.835732 0.835732
4778.640137 0.000000 5338.912598 0.000000 0.660723 0.000000 -0.750630 0.924300 0.924300 0.924300
4764.536621 0.000000 5328.499023 0.000000 0.450222 0.000000 -0.892917 1.021614 1.021614 1.021614
4765.972656 0.000000 5296.428711 0.000000 0.936978 0.000000 -0.349389 0.736333 0.736333 0.736333
4779.448730 0.000000 5279.064941 0.000000 0.355221 0.000000 -0.934783 1.061287 1.061287 1.061287
4772.410156 0.000000 5325.503418 0.000000 0.894497 0.000000 -0.447073 0.777040 0.777040 0.777040
4779.895508 0.000000 5326.206543 0.000000 0.585081 0.000000 -0.810975 0.961276 0.961276 0.961276
4749.279297 0.000000 5299.071777 0.000000 0.578220 0.000000 -0.815881 0.964497 0.964497 0.964497
4748.491211 0.000000 5291.600586 0.000000 0.781605 0.000000 -0.623773 0.857281 0.857281 0.857281
4777.318848 0.000000 5312.188965 0.000000 0.875521 0.000000 -0.483180 0.792622 0.792622 0.792622
4770.435547 0.000000 5284.382812 0.000000 0.505564 0.000000 -0.862789 0.997541 0.997541 0.997541
4717.526855 0.000000 5330.582031 0.000000 0.959336 0.000000 -0.282267 0.709304 0.709304 0.709304
4702.715332 0.000000 5333.320312 0.000000 0.409246 0.000000 -0.912424 1.038950 1.038950 1.038950
4768.142578 0.000000 5327.142578 0.000000 0.989064 0.000000 -0.147489 0.656543 0.656543 0.656543
4712.524414 0.000000 5324.490723 0.000000 0.903630 0.000000 -0.428315 0.769071 0.769071 0.769071
4749.026855 0.000000 5313.511230 0.000000 0.396647 0.000000 -0.917971 1.044209 1.044209 1.044209
4778.963867 0.000000 5316.674316 0.000000 0.964207 0.000000 -0.265151 0.702506 0.702506 0.702506
4763.037598 0.000000 5319.050293 0.000000 0.457332 0.000000 -0.889296 1.018566 1.018566 1.018566
4778.747559 0.000000 5301.849121 0.000000 0.983991 0.000000 -0.178218 0.668440 0.668440 0.668440
4739.277832 0.000000 5325.732910 0.000000 0.439397 0.000000 -0.898293 1.026230 1.026230 1.026230
4734.831055 0.000000 5335.732910 0.000000 0.604032 0.000000 -0.796960 0.952272 0.952272 0.952272
4767.589355 0.000000 5342.490234 0.000000 0.583660 0.000000 -0.811998 0.961944 0.961944 0.961944
4748.942383 0.000000 5295.036621 0.000000 0.524215 0.000000 -0.851586 0.989231 0.989231 0.989231
4744.847168 0.000000 5295.361816 0.000000 0.975399 0.000000 -0.220446 0.684901 0.684901 0.684901
4711.665039 0.000000 5305.153320 0.000000 0.583960 0.000000 -0.811782 0.961803 0.961803 0.961803
4778.736816 0.000000 5294.400879 0.000000 0.176101 0.000000 -0.984372 1.132382 1.132382 1.132382
4745.325195 0.000000 5322.380371 0.000000 0.466010 0.000000 -0.884780 1.014829 1.014829 1.014829
4746.414062 0.000000 5288.595215 0.000000 0.064197 0.000000 -0.997937 1.175462 1.175462 1.175462
4768.010254 0.000000 5283.152344 0.000000 0.902770 0.000000 -0.430124 0.769836 0.769836 0.769836
4757.730469 0.000000 5329.348145 0.000000 0.960240 0.000000 -0.279176 0.708073 0.708073 0.708073
4691.706055 0.000000 5337.738281 0.000000 0.918547 0.000000 -0.395311 0.755236 0.755236 0.755236
4733.301270 0.000000 5303.457031 0.000000 0.677446 0.000000 -0.735572 0.915704 0.915704 0.915704
4733.187012 0.000000 5339.068848 0.000000 0.928922 0.000000 -0.370276 0.744884 0.744884 0.744884
4757.976074 0.000000 5326.559082 0.000000 0.933707 0.000000 -0.358037 0.739865 0.739865 0.739865
4724.688477 0.000000 5328.597656 0.000000 0.778153 0.000000 -0.628075 0.859388 0.859388 0.859388
4745.250977 0.000000 5313.668945 0.000000 0.218131 0.000000 -0.975919 1.116005 1.116005 1.116005
4714.671387 0.000000 5319.786621 0.000000 0.116305 0.000000 -0.993214 1.155474 1.155474 1.155474
4715.026367 0.000000 5341.479492 0.000000 0.921343 0.000000 -0.388750 0.752511 0.752511 0.752511
4772.560059 0.000000 5286.976562 0.000000 0.909521 0.000000 -0.415657 0.763738 0.763738 0.763738
4708.829590 0.000000 5338.073242 0.000000 0.404027 0.000000 -0.914747 1.041132 1.041132 1.041132
4726.366699 0.000000 5295.626465 0.000000 0.589451 0.000000 -0.807804 0.959213 0.959213 0.959213
4713.854492 0.000000 5301.839844 0.000000 0.999802 0.000000 -0.019916 0.607608 0.607608 0.607608
4742.345703 0.000000 5293.537598 0.000000 0.078808 0.000000 -0.996890 1.169866 1.169866 1.169866
4771.533691 0.000000 5291.791504 0.000000 0.048470 0.000000 -0.998825 1.181479 1.181479 1.181479
4709.401367 0.000000 5319.458008 0.000000 0.648650 0.000000 -0.761087 0.930401 0.930401 0.930401
4735.972168 0.000000 5323.570801 0.000000 0.389625 0.000000 -0.920974 1.047126 1.047126 1.047126
4767.370117 0.000000 5295.928711 0.000000 0.530993 0.000000 -0.847376 0.986183 0.986183 0.986183
4722.619141 0.000000 5319.822266 0.000000 0.438777 0.000000 -0.898596 1.026494 1.026494 1.026494
4725.119629 0.000000 5298.014648 0.000000 0.320445 0.000000 -0.947267 1.075401 1.075401 1.075401
4743.587891 0.000000 5304.412598 0.000000 0.268279 0.000000 -0.963341 1.096254 1.096254 1.096254
4745.609375 0.000000 5331.319336 0.000000 0.810058 0.000000 -0.586350 0.839323 0.839323 0.839323
4754.797363 0.000000 5318.493652 0.000000 0.920656 0.000000 -0.390374 0.753185 0.753185 0.753185
4763.367676 0.000000 5320.447266 0.000000 0.213165 0.000000 -0.977016 1.117947 1.117947 1.117947
4736.709473 0.000000 5293.560547 0.000000 0.228453 0.000000 -0.973555 1.111960 1.111960 1.111960
4723.496582 0.000000 5293.148438 0.000000 0.793978 0.000000 -0.607946 0.849608 0.849608 0.849608
4744.438965 0.000000 5286.177246 0.000000 0.322047 0.000000 -0.946724 1.074755 1.074755 1.074755
4702.338867 0.000000 5331.987305 0.000000 0.926500 0.000000 -0.376296 0.747363 0.747363 0.747363
4764.122070 0.000000 5293.765625 0.000000 0.999228 0.000000 -0.039280 0.615008 0.615008 0.615008
4764.519043 0.000000 5324.516602 0.000000 0.993197 0.000000 -0.116446 0.644580 0.644580 0.644580
4735.552246 0.000000 5292.647949 0.000000 0.924797 0.000000 -0.380460 0.749081 0.749081 0.749081
4780.550293 0.000000 5280.011230 0.000000 0.806178 0.000000 -0.591673 0.841839 0.841839 0.841839
4742.774902 0.000000 5317.519043 0.000000 0.906828 0.000000 -0.421501 0.766196 0.766196 0.766196
4734.762207 0.000000 5312.422852 0.000000 0.121405 0.000000 -0.992603 1.153512 1.153512 1.153512
4778.186035 0.000000 5279.335938 0.000000 0.830321 0.000000 -0.557285 0.825788 0.825788 0.825788
4751.914062 0.000000 5314.679199 0.000000 0.202682 0.000000 -0.979245 1.122041 1.122041 1.122041
4800.520996 0.000000 5332.263672 0.000000 0.143933 0.000000 -0.989587 1.144830 1.144830 1.144830
4786.364746 0.000000 5319.160645 0.000000 0.583049 0.000000 -0.812437 0.962232 0.962232 0.962232
4810.049316 0.000000 5299.555176 0.000000 0.991171 0.000000 -0.132590 0.650795 0.650795 0.650795
4785.333008 0.000000 5302.269531 0.000000 0.159550 0.000000 -0.987190 1.138795 1.138795 1.138795
4814.763672 0.000000 5291.377441 0.000000 0.653927 0.000000 -0.756558 0.927744 0.927744 0.927744
4785.339355 0.000000 5324.241211 0.000000 0.783039 0.000000 -0.621973 0.856402 0.856402 0.856402
4823.830078 0.000000 5311.145508 0.000000 0.985092 0.000000 -0.172030 0.666039 0.666039 0.666039
4807.139160 0.000000 5318.742676 0.000000 0.857232 0.000000 -0.514930 0.806619 0.806619 0.806619
4790.107422 0.000000 5307.986328 0.000000 0.646244 0.000000 -0.763131 0.931607 0.931607 0.931607
4780.866699 0.000000 5328.818848 0.000000 0.359641 0.000000 -0.933091 1.059479 1.059479 1.059479
4825.668457 0.000000 5323.485352 0.000000 0.459063 0.000000 -0.888404 1.017822 1.017822 1.017822
4828.705566 0.000000 5324.701172 0.000000 0.063269 0.000000 -0.997997 0.703873 0.703873 0.703873
4784.360840 0.000000 5299.204102 0.000000 0.847863 0.000000 -0.530215 0.813467 0.813467 0.813467
4819.353027 0.000000 5315.281738 0.000000 0.999733 0.000000 -0.023123 0.608833 0.608833 0.608833
4797.198730 0.000000 5317.396484 0.000000 0.999122 0.000000 -0.041906 0.616012 0.616012 0.616012
4823.128906 0.000000 5339.657227 0.000000 0.863131 0.000000 -0.504980 0.802200 0.802200 0.802200
4798.901367 0.000000 5294.493164 0.000000 0.165093 0.000000 -0.986278 1.044051 1.044051 1.044051
4816.752930 0.000000 5332.515137 0.000000 0.954931 0.000000 -0.296828 0.715115 0.715115 0.715115
4781.635254 0.000000 5326.818848 0.000000 0.332341 0.000000 -0.943159 1.070594 1.070594 1.070594
4819.118164 0.000000 5339.310059 0.000000 0.670478 0.000000 -0.741930 0.919307 0.919307 0.919307
4802.318359 0.000000 5324.040527 0.000000 0.961745 0.000000 -0.273948 0.705995 0.705995 0.705995
4823.845215 0.000000 5313.184570 0.000000 0.740980 0.000000 -0.671528 0.881234 0.881234 0.881234
4823.868652 0.000000 5296.791992 0.000000 0.967600 0.000000 -0.252488 0.697499 0.697499 0.697499
4814.054199 0.000000 5340.027344 0.000000 0.222908 0.000000 -0.974839 1.114134 1.114134 1.114134
4814.633301 0.000000 5297.458008 0.000000 0.463991 0.000000 -0.885840 1.015701 1.015701 1.015701
4823.845703 0.000000 5328.845703 0.000000 0.088184 0.000000 -0.996104 1.166272 1.166272 1.166272
4780.852051 0.000000 5304.133789 0.000000 0.938539 0.000000 -0.345174 0.734616 0.734616 0.734616
4790.089844 0.000000 5309.687012 0.000000 0.352843 0.000000 -0.935683 1.062258 1.062258 1.062258
4815.567383 0.000000 5326.504883 0.000000 0.577771 0.000000 -0.816199 0.964707 0.964707 0.964707
4800.770996 0.000000 5312.230957 0.000000 0.923308 0.000000 -0.384059 0.750569 0.750569 0.750569
4802.571777 0.000000 5338.073242 0.000000 0.033812 0.000000 -0.999428 1.166362 1.166362 1.166362
4812.404785 0.000000 5325.163574 0.000000 0.022529 0.000000 -0.999746 1.191394 1.191394 1.191394
4803.295898 0.000000 5302.266113 0.000000 0.482115 0.000000 -0.876108 1.007842 1.007842 1.007842
4794.170410 0.000000 5321.270996 0.000000 0.001907 0.000000 -0.999998 1.199272 1.199272 1.199272
4788.660156 0.000000 5286.654297 0.000000 0.714369 0.000000 -0.699769 0.896056 0.896056 0.896056
4788.490723 0.000000 5283.150879 0.000000 0.820058 0.000000 -0.572281 0.832730 0.832730 0.832730
4822.287598 0.000000 5303.728516 0.000000 0.143231 0.000000 -0.989689 1.145101 1.145101 1.145101
4820.522461 0.000000 5301.655762 0.000000 0.883250 0.000000 -0.468902 0.786420 0.786420 0.786420
4801.557129 0.000000 5300.352051 0.000000 0.365965 0.000000 -0.930629 1.056887 1.056887 1.056887
4782.319824 0.000000 5330.364258 0.000000 0.776537 0.000000 -0.630072 0.860369 0.860369 0.860369
4792.975586 0.000000 5318.692383 0.000000 0.822163 0.000000 -0.569252 0.831321 0.831321 0.831321
4788.198730 0.000000 5295.226074 0.000000 0.793404 0.000000 -0.608696 0.849968 0.849968 0.849968
4767.753906 0.000000 5344.406250 0.000000 0.052615 0.000000 -0.998615 1.179893 1.179893 1.179893
4756.761719 0.000000 5345.402344 0.000000 0.022430 0.000000 -0.999748 1.191432 1.191432 1.191432
4749.936523 0.000000 5374.417969 0.000000 0.737699 0.000000 -0.675130 0.883095 0.883095 0.883095
4689.917969 0.000000 5373.403320 0.000000 0.996709 0.000000 -0.081067 0.630999 0.630999 0.630999
4709.672852 0.000000 5343.452637 0.000000 0.541221 0.000000 -0.840880 0.981555 0.981555 0.981555
4706.021484 0.000000 5370.559570 0.000000 0.392482 0.000000 -0.919760 1.045940 1.045940 1.045940
4761.939941 0.000000 5343.606934 0.000000 0.849836 0.000000 -0.527047 0.812041 0.812041 0.812041
4719.554688 0.000000 5377.514160 0.000000 0.539793 0.000000 -0.841798 0.982203 0.982203 0.982203
4780.771484 0.000000 5375.061035 0.000000 0.631112 0.000000 -0.775692 0.939119 0.939119 0.939119
4769.864258 0.000000 5360.643066 0.000000 0.203955 0.000000 -0.978980 1.121544 1.121544 1.121544
4775.945312 0.000000 5377.298828 0.000000 0.803994 0.000000 -0.594637 0.843245 0.843245 0.843245
4770.967773 0.000000 5367.565918 0.000000 0.438188 0.000000 -0.898883 1.026744 1.026744 1.026744
4766.309570 0.000000 5376.001465 0.000000 0.906958 0.000000 -0.421221 0.766078 0.766078 0.766078
4694.873535 0.000000 5352.490234 0.000000 0.311757 0.000000 -0.950162 1.078899 1.078899 1.078899
4723.794434 0.000000 5349.132324 0.000000 0.383005 0.000000 -0.923746 1.049867 1.049867 1.049867
4694.347656 0.000000 5357.437012 0.000000 0.678931 0.000000 -0.734202 0.914932 0.914932 0.914932
4756.601074 0.000000 5355.624023 0.000000 0.975475 0.000000 -0.220110 0.684770 0.684770 0.684770
4762.529785 0.000000 5390.689941 0.000000 0.806111 0.000000 -0.591764 0.841882 0.841882 0.841882
4695.682129 0.000000 5368.730469 0.000000 0.809118 0.000000 -0.587647 0.839935 0.839935 0.839935
4723.286621 0.000000 5370.009277 0.000000 0.499862 0.000000 -0.866105 1.000061 1.000061 1.000061
4718.251953 0.000000 5356.961426 0.000000 0.369810 0.000000 -0.929107 1.055307 1.055307 1.055307
4760.929199 0.000000 5350.002441 0.000000 0.950032 0.000000 -0.312151 0.721259 0.721259 0.721259
4692.433594 0.000000 5379.362793 0.000000 0.393425 0.000000 -0.919357 1.045548 1.045548 1.045548
4765.897949 0.000000 5373.349609 0.000000 0.949638 0.000000 -0.313350 0.721742 0.721742 0.721742
4725.770508 0.000000 5377.134766 0.000000 0.423236 0.000000 -0.906020 1.033073 1.033073 1.033073
4777.583496 0.000000 5385.036133 0.000000 0.811296 0.000000 -0.584636 0.838515 0.838515 0.838515
4693.354980 0.000000 5377.271484 0.000000 0.935449 0.000000 -0.353461 0.737994 0.737994 0.737994
4772.641602 0.000000 5343.630859 0.000000 0.985710 0.000000 -0.168450 0.664652 0.664652 0.664652
4778.779297 0.000000 5368.785156 0.000000 0.778564 0.000000 -0.627566 0.859138 0.859138 0.859138
4766.062500 0.000000 5378.790527 0.000000 0.999999 0.000000 -0.001218 0.600465 0.600465 0.600465
4715.519531 0.000000 5354.480957 0.000000 0.999728 0.000000 -0.023312 0.608905 0.608905 0.608905
4743.163086 0.000000 5345.219238 0.000000 0.926153 0.000000 -0.377147 0.747714 0.747714 0.747714
4759.781250 0.000000 5389.413086 0.000000 0.998778 0.000000 -0.049430 0.618889 0.618889 0.618889
4767.793457 0.000000 5351.572266 0.000000 0.137141 0.000000 -0.990552 1.147451 1.147451 1.147451
4767.701660 0.000000 5371.552246 0.000000 0.259720 0.000000 -0.965684 1.099644 1.099644 1.099644
4777.729004 0.000000 5364.234863 0.000000 0.946746 0.000000 -0.321981 0.725218 0.725218 0.725218
4779.526855 0.000000 5348.288086 0.000000 0.840737 0.000000 -0.541443 0.818546 0.818546 0.818546
4776.194824 0.000000 5348.564453 0.000000 0.667793 0.000000 -0.744347 0.920687 0.920687 0.920687
4778.621582 0.000000 5397.362793 0.000000 0.051992 0.000000 -0.998648 1.180131 1.180131 1.180131
4771.884766 0.000000 5379.234863 0.000000 0.852583 0.000000 -0.522593 0.810042 0.810042 0.810042
4717.876953 0.000000 5374.200684 0.000000 0.377368 0.000000 -0.926063 1.052195 1.052195 1.052195
4735.935547 0.000000 5367.255371 0.000000 0.999869 0.000000 -0.016156 0.606171 0.606171 0.606171
4712.658203 0.000000 5362.489746 0.000000 0.540797 0.000000 -0.841153 0.981747 0.981747 0.981747
4774.540039 0.000000 5392.793945 0.000000 0.990435 0.000000 -0.137980 0.652873 0.652873 0.652873
4712.711426 0.000000 5367.296875 0.000000 0.991534 0.000000 -0.129847 0.649738 0.649738 0.649738
4754.300293 0.000000 5349.572266 0.000000 0.892582 0.000000 -0.450886 0.778670 0.778670 0.778670
4743.581055 0.000000 5370.410156 0.000000 0.817133 0.000000 -0.576450 0.834675 0.834675 0.834675
4694.453613 0.000000 5354.110352 0.000000 0.041603 0.000000 -0.999134 1.184104 1.184104 1.184104
4762.653809 0.000000 5371.197266 0.000000 0.983242 0.000000 -0.182304 0.670027 0.670027 0.670027
4707.395996 0.000000 5345.735840 0.000000 0.720425 0.000000 -0.693533 0.892736 0.892736 0.892736
4773.309082 0.000000 5375.299805 0.000000 0.729225 0.000000 -0.684274 0.887857 0.887857 0.887857
4758.000977 0.000000 5379.002930 0.000000 0.289567 0.000000 -0.957158 1.087787 1.087787 1.087787
4774.452637 0.000000 5345.768066 0.000000 0.348906 0.000000 -0.937158 1.063864 1.063864 1.063864
4723.967285 0.000000 5361.534180 0.000000 0.993387 0.000000 -0.114811 0.643951 0.643951 0.643951
4776.670410 0.000000 5390.311035 0.000000 0.844860 0.000000 -0.534988 0.815621 0.815621 0.815621
4746.298828 0.000000 5347.013184 0.000000 0.941481 0.000000 -0.337065 0.731321 0.731321 0.731321
4700.891602 0.000000 5375.750000 0.000000 0.463098 0.000000 -0.886307 1.016086 1.016086 1.016086
4753.629883 0.000000 5354.181641 0.000000 0.335536 0.000000 -0.942027 1.058257 1.058257 1.058257
4696.272949 0.000000 5378.342285 0.000000 0.962619 0.000000 -0.270859 0.704769 0.704769 0.704769
4741.070801 0.000000 5350.514160 0.000000 0.905408 0.000000 -0.424543 0.767478 0.767478 0.767478
4757.100586 0.000000 5365.101562 0.000000 0.393932 0.000000 -0.919140 1.045338 1.045338 1.045338
4766.315430 0.000000 5388.785645 0.000000 0.654567 0.000000 -0.756004 0.927421 0.927421 0.927421
4751.708984 0.000000 5381.552734 0.000000 0.895412 0.000000 -0.445239 0.776258 0.776258 0.776258
4719.627441 0.000000 5365.449219 0.000000 0.011267 0.000000 -0.999937 1.195696 1.195696 1.195696
4715.395996 0.000000 5344.360840 0.000000 0.876242 0.000000 -0.481871 0.792051 0.792051 0.792051
4750.357910 0.000000 5366.280762 0.000000 0.647638 0.000000 -0.761948 0.930908 0.930908 0.930908
4692.968750 0.000000 5375.981934 0.000000 0.927126 0.000000 -0.374749 0.746725 0.746725 0.746725
4707.310059 0.000000 5368.735840 0.000000 0.997817 0.000000 -0.066034 0.625242 0.625242 0.625242
4687.163086 0.000000 5354.884766 0.000000 0.971525 0.000000 -0.236939 0.691373 0.691373 0.691373
4763.241211 0.000000 5360.748047 0.000000 0.892981 0.000000 -0.450095 0.732875 0.732875 0.732875
4697.396973 0.000000 5380.459473 0.000000 0.985724 0.000000 -0.168369 0.658791 0.658791 0.658791
4696.662598 0.000000 5343.384766 0.000000 0.997439 0.000000 -0.071525 0.627344 0.627344 0.627344
4763.239258 0.000000 5358.710449 0.000000 0.852882 0.000000 -0.522104 0.809823 0.809823 0.809823
4817.491211 0.000000 5376.026367 0.000000 0.977152 0.000000 -0.212540 0.681808 0.681808 0.681808
4815.244141 0.000000 5351.078613 0.000000 0.723695 0.000000 -0.690120 0.890931 0.890931 0.890931
4808.622070 0.000000 5387.191895 0.000000 0.669610 0.000000 -0.742713 0.919753 0.919753 0.919753
4797.598633 0.000000 5404.013184 0.000000 0.688294 0.000000 -0.725432 0.910032 0.910032 0.910032
4810.719238 0.000000 5367.676270 0.000000 0.999903 0.000000 -0.013906 0.605312 0.605312 0.605312
4794.445312 0.000000 5353.092773 0.000000 0.564408 0.000000 -0.825496 0.970925 0.970925 0.970925
4784.701172 0.000000 5377.470703 0.000000 0.493779 0.000000 -0.869587 1.002738 1.002738 1.002738
4780.976074 0.000000 5403.786621 0.000000 0.895329 0.000000 -0.445406 0.776329 0.776329 0.776329
4781.004883 0.000000 5375.928223 0.000000 0.859322 0.000000 -0.511435 0.805063 0.805063 0.805063
4791.660156 0.000000 5370.173828 0.000000 0.046519 0.000000 -0.998917 1.182225 1.182225 1.182225
4785.302734 0.000000 5370.739258 0.000000 0.995980 0.000000 -0.089574 0.634261 0.634261 0.634261
4783.802734 0.000000 5345.698242 0.000000 0.809298 0.000000 -0.587398 0.839817 0.839817 0.839817
4786.577148 0.000000 5406.292480 0.000000 0.924459 0.000000 -0.381280 0.749420 0.749420 0.749420
4782.987793 0.000000 5363.437988 0.000000 0.168415 0.000000 -0.985716 1.135362 1.135362 1.135362
4787.559570 0.000000 5381.360840 0.000000 0.716805 0.000000 -0.697274 0.894725 0.894725 0.894725
4809.954102 0.000000 5365.261230 0.000000 0.840091 0.000000 -0.542445 0.819002 0.819002 0.819002
4806.110840 0.000000 5343.578613 0.000000 0.526815 0.000000 -0.849980 0.988063 0.988063 0.988063
4786.175781 0.000000 5379.362793 0.000000 0.804972 0.000000 -0.593313 0.842616 0.842616 0.842616
4816.156250 0.000000 5355.938477 0.000000 0.987889 0.000000 -0.155163 0.659508 0.659508 0.659508
4790.848145 0.000000 5361.967773 0.000000 0.986257 0.000000 -0.165216 0.663398 0.663398 0.663398
4822.590820 0.000000 5379.871094 0.000000 0.988597 0.000000 -0.150583 0.657738 0.657738 0.657738
4810.065430 0.000000 5345.507324 0.000000 0.999968 0.000000 -0.007976 0.603047 0.603047 0.603047
4812.087891 0.000000 5364.959961 0.000000 0.356806 0.000000 -0.934178 1.060639 1.060639 1.060639
4814.583984 0.000000 5368.487305 0.000000 0.398343 0.000000 -0.917237 1.043503 1.043503 1.043503
4831.372070 0.000000 5364.282227 0.000000 0.709072 0.000000 -0.705136 0.898937 0.898937 0.898937
4812.152344 0.000000 5379.312500 0.000000 0.345256 0.000000 -0.938508 1.065350 1.065350 1.065350
4785.996582 0.000000 5356.688477 0.000000 0.332682 0.000000 -0.943039 1.070456 1.070456 1.070456
4810.966309 0.000000 5395.895996 0.000000 0.363009 0.000000 -0.931786 1.058099 1.058099 1.058099
4809.468750 0.000000 5352.562012 0.000000 0.360772 0.000000 -0.932654 1.059016 1.059016 1.059016
4813.626953 0.000000 5404.565430 0.000000 0.426312 0.000000 -0.904576 0.798109 0.798109 0.798109
4797.743164 0.000000 5402.252441 0.000000 0.961508 0.000000 -0.274777 0.706325 0.706325 0.706325
4788.419434 0.000000 5393.828613 0.000000 0.158416 0.000000 -0.987372 1.139233 1.139233 1.139233
4784.719238 0.000000 5358.896484 0.000000 0.822142 0.000000 -0.569283 0.831335 0.831335 0.831335
4786.446777 0.000000 5349.289062 0.000000 0.434617 0.000000 -0.900615 1.028261 1.028261 1.028261
4808.088379 0.000000 5364.535156 0.000000 0.153811 0.000000 -0.988100 1.141014 1.141014 1.141014
4806.726562 0.000000 5349.024414 0.000000 0.306798 0.000000 -0.951775 0.920594 0.920594 0.920594
4808.724121 0.000000 5408.322266 0.000000 0.336513 0.000000 -0.941679 1.068903 1.068903 1.068903
4816.075684 0.000000 5384.254883 0.000000 0.526394 0.000000 -0.850241 0.988252 0.988252 0.988252
4796.972168 0.000000 5362.164551 0.000000 0.309126 0.000000 -0.951021 1.079956 1.079956 1.079956
4786.772949 0.000000 5404.818848 0.000000 0.937954 0.000000 -0.346760 0.735262 0.735262 0.735262
4814.727051 0.000000 5356.329102 0.000000 0.935617 0.000000 -0.353016 0.737813 0.737813 0.737813
4804.209473 0.000000 5363.832520 0.000000 0.739381 0.000000 -0.673287 0.882142 0.882142 0.882142
4821.046387 0.000000 5351.012695 0.000000 0.535027 0.000000 -0.844835 0.984362 0.984362 0.984362
4790.015137 0.000000 5378.342285 0.000000 0.887620 0.000000 -0.460577 0.782829 0.782829 0.782829
4834.812988 0.000000 5350.514160 0.000000 0.592188 0.000000 -0.805799 0.957917 0.957917 0.957917
4800.251953 0.000000 5400.752930 0.000000 0.014047 0.000000 -0.999901 1.194634 1.194634 1.194634
4788.043457 0.000000 5368.902832 0.000000 0.987929 0.000000 -0.154908 0.659410 0.659410 0.659410
4803.274414 0.000000 5406.598145 0.000000 0.984508 0.000000 -0.175338 0.667322 0.667322 0.667322
4815.780762 0.000000 5399.646973 0.000000 0.127057 0.000000 -0.991895 0.852966 0.852966 0.852966
4799.851562 0.000000 5376.443359 0.000000 0.956075 0.000000 -0.293122 0.713633 0.713633 0.713633
4794.689453 0.000000 5384.090820 0.000000 0.023896 0.000000 -0.999714 1.190872 1.190872 1.190872
4805.264160 0.000000 5371.747070 0.000000 0.994780 0.000000 -0.102039 0.639044 0.639044 0.639044
4828.146484 0.000000 5356.547363 0.000000 0.203796 0.000000 -0.979013 1.121606 1.121606 1.121606
4830.422363 0.000000 5358.125488 0.000000 0.052807 0.000000 -0.998605 1.179820 1.179820 1.179820
4797.390137 0.000000 5351.973145 0.000000 0.030115 0.000000 -0.999546 1.188495 1.188495 1.188495
4831.142578 0.000000 5372.879883 0.000000 0.996303 0.000000 -0.085913 0.632857 0.632857 0.632857
"}
